1000
8344 649 3032 7201 257 8812 271 145 397 2146 428 6012 5749 6957 6455 2542 4496 6011 1300 771 5750 3041 3083 128 949 5919 1689 1601 5597 486 2873 2084 4712 5748 599 77 4474 4226 38 2993 998 83 1051 4238 3872 3422 3935 597 1129 470 1921 1162 530 823 6121 4826 1567 2453 4179 1571 7154 5189 9615 635 3431 193 2676 7489 7180 25 218 2427 558 6920 5792 4733 6852 1041 338 3198 4545 429 2983 652 5907 1735 4522 9482 6476 1994 3929 1825 726 8120 3930 763 6190 4920 5566 312 3094 1757 3773 1640 5402 4840 2004 1064 8677 1152 2588 290 3049 4894 422 3939 2478 4568 598 10869 7464 3133 1320 3376 4296 713 4842 6928 517 7097 141 3357 4168 6580 8327 6423 327 1220 1253 3474 2475 1579 2164 2184 105 2842 220 7495 2498 1822 4376 6226 1495 6726 1080 2046 3050 4985 3086 393 436 4870 1693 2500 4767 7211 1747 28 379 67 1049 1474 1536 1793 4719 3500 2352 4154 3204 3087 5227 4624 6648 2176 20 885 195 270 5374 2464 602 4 328 3472 4954 9445 644 2990 4680 337 3444 8951 1665 3 500 3036 4263 334 5439 2646 1078 560 2762 6181 2115 938 278 3824 319 1178 824 1664 5691 5892 390 3327 5931 6217 9795 559 5020 993 942 9194 5424 159 6778 3437 3056 984 1309 1463 3386 162 3454 4697 79 990 7767 894 6283 5830 6102 1789 174 3392 330 640 9786 2798 3233 9009 1920 7109 4173 1155 204 1329 3090 3910 4861 629 896 587 74 5516 3018 3465 353 126 1442 9398 820 1022 3728 1464 2390 3150 280 1074 5326 4633 6152 1496 370 1365 1602 1391 781 484 1280 2398 2886 9560 788 5486 1238 2045 5774 8123 51 4305 495 1874 2029 6171 4776 8157 504 9097 6420 997 1145 227 2813 4559 7509 171 7401 161 1140 3868 4377 1694 1175 1081 1808 236 4702 4548 5534 8645 5204 4099 3714 1180 5062 1746 5169 920 106 4413 1538 1401 2555 5397 1506 684 407 6297 7015 2148 148 4981 666 4934 73 637 4232 3024 934 1914 802 7552 3804 2182 5521 248 4252 493 22 352 109 1076 1237 2129 19 690 876 511 1266 2701 2482 3640 485 3812 5607 172 754 2279 8188 5335 2002 1326 2652 4919 208 472 3200 1988 169 6374 399 2388 2625 9314 838 3347 140 950 3715 3020 239 3791 737 669 192 1262 35 3442 2761 1700 5683 1717 1016 784 3239 8348 5255 910 4316 800 8885 245 307 6940 5773 1800 2514 5956 2742 3359 846 1481 1987 971 6799 1334 2313 4201 539 6043 4723 4804 47 510 149 4598 1716 7982 5102 5776 315 661 3648 2714 1863 32 542 4011 685 2629 250 4806 720 7306 1350 9370 4923 1614 1856 2426 9727 1370 5251 6650 2484 57 4311 780 4381 4549 502 1918 10010 488 1435 1414 318 1966 1725 1729 841 7543 731 5762 3063 2376 2523 8980 2339 2298 606 549 581 1223 4564 5282 4036 5813 917 196 699 6309 5058 2273 2539 810 39 2551 2469 1574 1619 7855 2026 6796 1576 1201 1505 5853 3650 5378 241 617 7507 8065 4398 974 4713 3631 2608 5311 2741 4592 1840 8086 1791 2173 3488 1075 1585 2495 2991 7340 4014 2656 1859 1765 3391 525 8370 7029 5989 3453 1395 1559 632 6978 2810 1070 850 773 424 1967 3273 477 1876 3484 580 767 4903 2771 198 1019 6118 1099 122 4700 3585 6344 5105 389 1896 4721 3295 4872 2728 2920 638 10146 4434 6373 5224 7955 2880 1824 10884 4898 937 1319 2314 7235 36 5104 1469 3299 1748 396 1508 5605 2227 2560 953 5388 1891 4565 5984 1090 2689 2055 6145 1399 6006 8632 1068 834 2036 546 6061 2255 4566 681 4752 5107 4869 857 8672 3191 3193 282 3202 5077 2354 1503 18 513 4539 29 377 1751 182 7086 3190 4947 15 2207 124 733 999 2012 847 8124 4205 71 4017 4181 242 1479 1163 466 6916 935 4727 10034 175 6235 1541 1147 1389 259 2077 2768 9317 3076 2710 994 4184 276 4811 1964 688 2194 675 2143 1737 4294 2882 4405 412 3482 2324 413 667 7100 3494 1992 1430 170 5038 2723 719 415 3895 8517 561 3007 1161 5163 4328 6901 3669 4573 4625 354 985 4281 1029 4693 1514 7878 1139 332 1858 6278 612 4380 1545 1077 6845 1158 739 2758 5365 2231 9438 1603 5081 2343 7389 3194 68 7395 1991 5649 5719 6665 4778 4775 5387 3820 1801 889 963 190 7238 5855 1504 3542 7589 59 1089 3128 4436 4356 2704 2839 2054 1458 2359 1012 2104 749 4150 1407 298 570 1854 226 52 5556 6581 6341 1296 5016 583 3879 5790 1500 1173 324 8720 5950 770 2222 1211 4588 5445 323 5495 1675 7755 1005 1048 173 6482 3774 382 325 266 244 465 677 1714 861 6446 2448 459 1053 11 4731 114 3780 2492 30 3883 7146 2601 3201 1755 2923 3761 5110 3157 556 1498 146 371 1758 75 4061 4659 9 5538 4191 567 3407 828 8836 224 3736 8704 805 3093 1008 3382 1313 155 3415 711 2433 3543 721 1710 5353 895 5 989 6616 686 1419 40 4034 1133 462 3695 392 2065 4158 1298 2189 6023 5922 1358 473 1583 125 1243 769 1204 8448 119 14 2672 5949 4204 3163 5514 408 3563 1865 3082 4257 46 5073 99 1484 10914 1642 3110 180 219 7291 7673 2549 2286 2984 758 679 299 6512 4021 3397 7722 91 2695 1128 1655 3106 2418 1023 2221 3737 3757 6804 6462 6681 7743 9777 6839 674 165 755 1408 5793 1018 6974 1111 6888 6999 562 8274 728 1185 7380 1687 3188 2177 2334 2825 1418
1000
383 -1362 -9541 6994
-9516 787 -5828 -3687
-6115 1019 3390 8838
6486 -5230 2188 -9830
9765 -2046 3763 6634
-3546 -7604 2484 9787
7983 2469 4801 -446
-5051 -7768 -2481 -1895
7322 7303 2841 -962
6762 8867 -2971 8074
-7589 -10414 -1175 -9731
8557 9957 -3672 -9137
10789 7261 -2239 -10970
709 -2907 -10493 -10816
-5766 -1458 10622 6279
8089 243 2745 -2920
-7550 4351 -3515 -4563
7726 10272 3068 5486
-7244 -10924 -10291 -9168
-1902 -8837 11004 -2903
-1141 -2174 10396 -2296
6182 -10582 5979 10963
-6619 -10645 -68 6451
-1887 -8679 1570 -8384
5362 2534 7643 10026
2453 2028 2657 -350
-9627 7180 2164 3426
-10338 -469 9404 2108
8641 -418 9329 8739
549 4673 971 4247
-6570 5901 6000 -10158
-3615 3514 8282 -3491
-6547 -9313 -5012 4864
1981 7878 3775 9616
9868 3414 3997 -4211
929 10591 -7205 2340
7282 -579 23 -8937
-7342 -3230 -6967 -9156
-3548 -2852 -8390 11004
5667 4809 -10399 -10257
-3974 -11029 6556 -3440
7941 9067 8820 181
-6053 6749 2331 1756
9221 5936 7190 6187
-122 5442 -4793 -2937
155 3596 -7938 212
-3553 8579 -10317 -4356
-213 -8036 2327 -8744
9974 6874 -7094 -1267
4393 7765 5791 -9335
-5990 9400 4364 -2027
9527 -7830 5186 1404
1516 -744 9584 -9756
-2711 -9390 -8209 -9415
-3327 4796 10249 -6554
-10813 7520 8732 1515
-6786 -10989 4244 -9423
8919 8667 7837 -114
-7605 -7221 7917 2051
4257 -8228 -3991 2953
-2911 -5288 2088 -5468
9446 5438 -3617 4940
9058 -4942 85 -3518
304 10216 -7572 -2244
-2531 5489 -10922 8644
-124 -3762 3095 7975
-7245 3331 77 862
-7560 8072 7075 8057
-7108 1500 -8276 -1898
7620 -7812 -4123 78
-5372 6528 -783 7022
1200 6904 5684 2706
3647 10640 1332 5822
6200 -7538 -4183 -5722
5772 10926 7765 7865
-9180 10183 7938 3779
1561 -4316 622 -10488
4432 -1880 -1068 7560
1766 11032 -5501 9210
6915 -8095 6875 -10878
3395 -499 -8516 -1943
-3924 -554 3934 -728
-5733 -8302 -689 1549
-1418 -2941 -9179 -2901
-87 -10918 3803 2503
-9266 -5804 -1737 -8326
4915 3560 -5833 3822
920 769 6525 -9108
-2720 -5834 -9880 9069
-3486 5327 5583 6025
2904 2752 8086 -6167
2320 -9575 -10339 10878
8170 -7916 -9432 4524
-5526 9964 -2660 802
6341 -10761 3375 3478
-2241 -2889 1068 -1161
-966 7010 2337 3159
2664 6608 1277 -3141
-970 -5493 -789 -787
-5693 -8800 -3097 -68
-10817 -7673 -5656 -1469
-3017 -5283 -7859 3655
-5645 -6826 -4984 6576
1064 4085 1346 8055
1453 -10962 34 -6467
1434 -6033 7617 -8839
7671 -10597 445 -3322
-3210 -8172 -7425 8408
-8515 -2056 -4785 -1110
-6068 439 4633 -1584
9526 258 4674 -10501
463 -471 -6718 -4130
6598 -8234 538 4376
5744 -2118 -3207 -1994
6557 3265 -743 9209
-9279 -6803 6153 2892
695 -5823 2201 -8782
-3667 6598 5677 -4227
8042 -5202 -4205 201
-5637 -2556 6298 137
5753 -9189 1182 -3313
7184 1347 -246 9035
2813 3591 -6448 10071
-8166 4594 8759 -10445
7644 4500 9832 -101
-4590 -6173 37 5359
-3121 -7609 -315 6892
3580 2302 895 -4167
-10098 -1728 5085 -8984
-6301 9057 10680 -6222
-5303 7572 2498 -5918
-10966 -1498 2016 196
-4004 8649 -8059 1698
-220 3377 -8585 3038
9965 7719 6828 3071
561 2484 -128 -2426
-355 2434 -9393 -6104
-2810 4404 430 -8863
4034 2947 1826 -8133
5540 5040 -8700 -7219
9311 -8614 2628 -5699
-2886 -1970 6735 5104
-10985 -3982 -4400 2502
-9722 1548 10474 6532
-6872 983 -7079 -9069
9161 1378 -4763 5323
-9246 2135 -5825 8123
2808 8265 -3886 -3465
3845 1969 -10498 9802
-1262 -9190 11059 7297
-7109 -275 -1201 -3491
203 -5771 -8877 -1788
-10634 5302 7183 -4896
-9757 9588 -3470 -7730
10272 -7942 662 1766
7488 2930 -9827 8747
9092 1184 -6162 -9265
2317 -2319 3965 -5252
976 6269 9377 -8297
-4397 -8971 -9652 -10561
-10199 -3059 8303 8592
6598 -8895 -4532 -6228
5787 6721 -4866 8101
-1837 3125 -1410 -3633
10208 -2895 -5841 4400
-10173 2375 5846 9184
5572 2774 -1506 5073
-2566 -8974 5774 -97
7849 -794 -973 3016
4417 4297 2282 6466
-5306 54 868 8476
4769 4828 -7882 10519
-4539 4827 -9128 -2662
3613 -2741 -3859 8690
-4551 -1875 -11028 5696
-1327 3943 1122 5807
7525 -4539 -7001 -10001
4668 1792 -10391 6342
1906 -10788 -9215 1537
3272 -4386 5100 -6037
6484 10705 -10620 7944
-6961 -964 -3097 -2507
-6496 -452 8221 -2153
252 3237 -6659 -807
-6408 -2373 10670 -2600
2726 10232 10479 -10782
-3862 -6428 -10706 -9797
3249 -10740 246 5455
-11059 -1328 11025 1598
7597 -6049 8768 -2221
-5028 -9960 4559 6840
-3790 7196 5248 8960
6046 1774 -6238 5768
-3734 -2288 1856 -5908
-2485 3464 3255 2210
6920 -9386 4696 -6649
-7711 6921 346 4660
-5256 10946 -10189 -1035
5151 1687 -9164 6341
1852 -8788 -1267 7145
9619 -2251 4046 4467
9933 -5176 7432 -4248
4037 -2701 10260 -374
-1595 -103 -1027 3895
-805 1755 -3332 10380
-6269 5910 2551 -1549
532 9943 -2553 4448
647 -7766 -9906 7241
-9198 -795 1043 6111
9011 -9415 6000 -2586
-1056 2899 -1056 5199
9208 9321 -7354 8978
10796 -2658 15 374
7924 -6533 -7809 -7584
-2211 -2605 -7651 698
-10536 9496 690 -5586
969 -7763 -1449 -8417
10661 -1081 -6118 -6509
3626 -544 -8332 4798
7720 1773 -2284 -4626
-8943 7455 -11035 9702
5796 10042 -9228 -6873
566 -7475 -3624 -4908
-9529 2001 -8129 9037
6945 2500 6209 1483
5800 6545 -8731 -10058
1343 -724 -5060 -6002
2357 -1087 -10012 3716
-3978 4475 -3781 -9076
5115 -9243 4367 -1949
10691 -4469 -4747 -9407
-10482 -8988 8593 -1815
5654 7523 4572 4652
-9251 1304 3007 7812
3485 4064 -10481 9919
-5627 -5218 -8084 -8522
9218 1455 -10893 106
7098 4183 4184 5445
-557 7639 10774 -10713
2809 21 9711 9217
-26 -1687 -3517 3222
-10890 2694 -10532 -10659
-6503 3655 -3392 -9042
10751 -159 10408 -415
5870 9819 -8853 -10635
6738 1908 2941 6391
1722 -4879 -1514 3566
-9791 -5619 7113 -2863
-6152 2154 3755 -7464
7212 -5071 -5301 5194
-8198 -9441 9644 2367
10328 -7596 1461 9903
-1002 5138 -8838 3668
-509 -4414 -3104 6075
-6571 -9848 2678 6442
3238 -4390 -4406 -1269
5453 9057 9735 -10801
6801 2515 -7075 -6627
-9650 10574 4135 -8492
9263 -9471 -8083 -5465
-9024 -1889 6727 -4949
10975 1527 5668 -7438
7988 -6656 3650 -2714
-10647 165 925 10304
4033 6777 -1839 -401
6536 684 -1768 3057
-2188 8858 197 -8694
10197 -3075 10447 4086
10646 -9888 7007 7024
10871 -10650 2699 1614
-4557 8709 -5335 -4712
-4811 -3233 -2187 6650
852 -10928 -6605 7945
6875 -3672 1727 3598
6009 -6374 -5875 -9137
-10526 6056 2522 -6489
-10068 -10030 8139 -1532
7037 -9346 -8709 -223
-7394 -7670 10423 -2983
-4118 -234 1068 -1913
-1029 7795 809 5523
-6601 -5215 -6938 -8525
3729 -10742 382 -1753
2282 5174 7286 -8157
-6008 3275 7115 4364
-4578 -9121 4989 9466
-7712 0 -5731 5262
2682 -769 -10384 7308
4021 -9408 -4035 1486
10305 9391 -3562 998
-10426 3884 9710 8791
149 2916 -2003 6846
-7544 5201 -3959 -5949
7203 -150 7140 -9120
9628 -10659 10910 -8741
2011 2160 543 -10535
-1584 -4117 3812 8479
9952 -1429 -5787 -9900
-10442 -10624 -8606 -6227
6473 1679 3352 1362
-8816 10901 -4181 -10756
-3960 10358 601 -7190
1886 -4482 10760 450
-2339 -6252 8738 242
3561 8048 691 1490
-10412 2452 -4441 5964
-10774 -9794 2888 -1987
-3605 7670 2945 -3909
-6604 -450 7510 10736
9471 496 -1152 -2950
10760 1208 7075 -1453
-3908 -1729 6927 5663
-7629 10714 -4741 -3443
-10259 -6070 3016 1878
2906 -9973 -4803 -5156
9788 10361 8758 10113
-6981 -6966 -239 6118
-2845 -7660 4591 9669
-3882 -2234 5519 1516
9913 4182 7097 1385
5144 -7865 4746 -8705
3516 5946 -2875 -3299
3346 -4639 7944 3382
1610 2073 -4428 6552
5002 6600 7079 6394
-8025 -7992 10911 609
-4306 -847 834 5370
137 -5453 -6815 -3130
-5368 -5780 -2258 8991
-840 9208 -9984 5927
4512 -8555 -6491 9021
-3615 -4028 5489 1052
-8034 -9673 -7578 1507
9614 -4999 -5694 -7727
-7080 -5753 6126 6200
8302 5028 765 10371
5345 -7216 10309 10478
10256 -5645 -9069 -9825
8524 4619 -3140 -3589
4767 -5241 -9559 -7801
-1832 7793 -3854 -6076
-2438 -3279 -7355 2423
10052 2454 2939 9831
-7028 7293 -2668 -6445
-1273 10288 -10073 -3420
301 -2078 -6418 -8081
5673 -1325 -7609 2413
-212 290 4495 -6107
3975 9927 -2978 -10420
408 -8613 -3502 1638
-7009 -600 4901 10497
-276 -2065 -3457 -8827
1421 9511 -2838 -2469
-5932 -8428 -2716 2716
6599 -10409 1308 735
-3707 -3763 941 -5258
512 -10793 -4897 9935
3009 -9229 -8345 2661
-10450 7971 1231 8527
-2874 335 -5155 9745
-4366 10518 -304 3979
-463 762 -8970 8951
10111 -4925 2325 3398
-8921 -4657 3284 -7795
1959 2652 -4389 9447
-3297 -5182 4483 -1674
-4841 -2686 -8272 -4436
-7626 4257 8709 -1455
-3854 -932 3714 -1745
-37 7654 -10320 6715
6331 -987 -7421 3065
5310 9381 5417 6923
1175 -2881 1883 -9122
3751 8938 2997 -3784
-5820 9971 -4809 6696
3066 -2386 3167 -7161
-7614 -10938 8653 -3269
2309 4320 7776 10305
7278 -1510 -7727 -10706
-10522 2438 -2278 9661
-4179 1713 10617 10665
-901 10632 -410 3464
10652 5251 10453 5842
-10859 2657 -8196 3470
-10448 -6502 3690 -9692
1671 3832 8878 405
-10399 -1201 -7827 -8999
1470 -9861 -9824 955
5167 8351 3823 -9357
9255 -6795 8834 -7647
1547 9757 9516 9137
-6550 1748 2265 -8829
7271 -5938 7217 -5106
8007 -1208 9865 5945
2992 8668 8651 -9023
-9620 -6598 10779 10798
7865 7518 -8397 3541
10485 6970 -10338 -9713
-8740 971 5667 -10971
3736 -4230 -7431 -3129
6641 857 1803 10846
3556 3587 10709 607
8947 -3602 2106 8299
-4785 -10823 1771 1824
6693 -7980 7755 4435
9478 6117 10050 9389
-8623 -9412 -3062 4656
1263 6174 -1671 1478
1649 -2245 -3119 -10929
-5321 -4945 -9719 -3470
-4879 -7434 2514 3447
9630 2308 -7197 -6776
10858 5263 5388 -10502
-1116 9275 1230 5288
-354 2232 10923 9229
-767 -9240 -1744 -1809
-8333 -9268 -425 6198
-4875 -1683 -3152 1827
-6504 1306 1943 -10788
8187 -7023 -7447 6718
4140 7984 9300 9912
-1452 -7126 7109 -531
-4988 9255 6166 6971
-10590 6216 -10135 -5727
-7823 -6952 8008 1411
-4111 -1638 3336 -5294
-9213 1357 10729 -4870
-8016 10945 5394 -6868
-7048 8095 8779 3633
737 2561 -10092 4827
-8743 7720 1666 8045
-6148 -7362 2875 2591
6500 -2911 -2343 733
-2966 -7761 6512 -10067
-9927 -1119 4656 7091
-8439 -5972 -324 -1011
-8840 -3515 -8938 -2606
-10074 3868 10106 -7970
-5937 -6846 527 1622
5045 -1025 -3147 -6748
8385 1395 7124 6481
427 -5642 4695 3486
8340 1561 5210 -1710
3190 -10249 6649 -6175
-9348 6321 -2704 8772
9934 -7451 -872 -2748
-6183 -6153 -3236 -10495
1919 10834 3882 5588
-6718 -756 1168 857
5064 4770 5573 -5198
5519 3254 -4730 -277
-9609 -2351 4976 -8231
435 -6985 -7091 -7877
5485 220 -3376 4009
-114 10363 6038 4448
10777 -9255 11047 -1140
7928 -7002 1049 1154
7255 1931 9739 -4439
-2311 1714 -5876 -5141
-7867 51 -10787 10160
10073 4540 4126 -5907
6109 4498 -6301 -10310
-493 -5065 4711 10797
-5210 -777 -3260 4697
-4829 -8343 4193 9760
9702 -8634 5559 3782
-10456 -2759 5051 -10467
-10733 -7263 9263 5324
3990 10401 8337 2329
-8377 -51 3838 -8114
-8876 3101 5944 -2512
-8767 -2115 -7825 -7466
1060 -2535 1514 7428
-3394 612 802 -3988
-10034 -2790 9824 -5208
206 -9707 1007 8027
2141 -6865 -9456 -1716
-7220 5735 4144 5442
4444 -4125 -2224 -61
-1711 7649 4821 1011
3257 10409 -5036 -3815
-8532 -10287 872 6826
-3399 -6595 -2017 -365
-904 7867 -4331 10962
-7434 -9824 -9148 -2726
-4154 -3593 6972 6057
6669 -9860 3342 -6313
5258 -6103 8849 -1987
-10572 -1634 -5844 -7248
-5337 -8044 -861 6088
8995 3235 -3579 9094
-9725 -2970 42 4062
-2139 -6099 -823 1954
746 5678 2279 -4912
5456 -2735 6879 -4528
8480 565 3133 4667
4288 8968 9991 8350
-2987 10922 -9225 -1020
-7832 -5053 4008 -833
6914 -6497 3948 -7011
35 -5374 -624 -7024
-2874 -9368 -10757 -9406
1700 -8478 -1043 8093
-10770 30 3147 -8970
-9093 5489 -1152 2988
-10299 -1019 6262 1594
3258 -7071 5899 -791
4645 22 -1596 -302
-9805 -6381 5708 9751
3955 -707 -4689 6923
9241 -4495 2786 6240
9831 10442 7506 -4217
7948 -9412 4870 -4706
10340 9620 1540 71
8959 3448 -7600 -2710
1465 2543 -6679 2775
6862 3631 8133 11000
10595 668 -8137 -6705
-9569 8775 7233 5709
10944 -9888 9067 3679
-7202 7831 -8239 2876
-8499 -7012 7302 5272
2476 -10601 7497 10762
-9393 -6209 3913 -9332
5341 9441 8482 986
6965 5786 -952 -10715
10870 9368 4411 -4780
-5768 10753 10540 2417
8484 -999 8435 -7849
5288 -10165 3050 4676
2125 -3297 -8794 397
-2985 3792 2465 6179
1142 -8705 2172 -114
-1738 -2953 9052 -8930
-5331 -1929 -3735 2402
-133 -38 -2236 -4256
-9425 -2710 10934 -3951
-7741 6923 -904 2923
-3519 5444 -6524 1362
-3263 5467 -913 7001
-6760 9851 7823 -8891
-1933 2562 -3252 6725
10877 3796 -10428 4073
7327 -317 -6392 -693
8376 8962 8944 -6518
10313 -10425 4824 -3020
7122 -3356 6079 10271
-2814 -7201 -8949 -4984
6509 2397 -8411 10845
-6680 -5574 -6102 308
6720 -5953 10194 -4559
-895 2986 5702 -6348
-8674 -3579 1799 4496
-4316 -9421 -2944 -3527
-938 -8255 -1717 -7015
178 8219 -3485 394
-10678 -3462 -445 75
-10196 -5387 2024 5424
5870 8495 632 1157
-10381 -6086 1332 -4727
514 -7994 2306 -7930
-6742 7258 -6355 10422
-6767 3380 10975 3899
9387 5382 1449 -2660
7338 9769 -9141 -10057
-5049 8202 -5767 3944
-8952 -9329 6548 5925
-51 -8273 -4354 -3181
9285 -9687 -5207 9012
-6752 -8518 9543 409
-3353 -1548 6833 9457
-865 -5027 -7227 -2779
-10602 -4588 -5407 -4396
-4339 -3680 -6536 -114
-2259 -2231 -1948 -10138
4531 9661 556 5669
-3331 2755 11035 7321
8824 1888 6208 9517
-10949 -5590 -10721 1980
688 157 444 -5976
-4167 2057 7540 7008
-8223 2554 9437 -9145
-8964 1490 -9827 -3572
-1040 6628 90 2700
-569 7601 -767 975
8332 -2806 -1572 -5619
4763 9355 3576 -1232
-10183 -5610 -1549 -6130
-1332 -3290 8418 -4158
-7838 1505 -10886 6794
5018 -4831 -8066 -8742
-6090 -7082 -8353 3996
8293 4402 -9631 1941
10596 5564 -8554 -143
-10198 4298 3858 6993
-27 -8410 10659 -7840
4661 9701 271 8016
2763 8794 1056 445
-2103 -2368 -7098 4051
9522 2867 1610 -3479
-7254 6754 -2881 3039
-3531 -7718 2168 -374
-903 -1757 8551 -5034
6927 10130 893 9061
2520 527 8770 -9896
-7334 -4866 -829 -324
-10495 1623 3826 4045
9385 10087 -5659 -5625
-8004 -8019 6691 2520
4735 -474 -4677 -2202
-8275 -7229 8829 -6275
736 10623 -7249 -1339
2108 -7804 90 -8629
4216 6745 -1610 10321
-2499 4781 -1781 -8845
-4921 -3264 4718 3620
10118 -953 -223 348
-10264 3792 9633 7072
-3177 -6568 8535 8312
-5521 8620 -7006 -8864
5227 7647 -9334 5055
3242 -1618 4242 116
6080 -10318 -7897 -8600
-1920 -8990 -1611 7881
5237 -2863 2028 9226
-1238 6944 -9221 1511
-7728 7556 -9774 -10836
-10814 -2189 6026 -5719
-3193 5473 -5603 7752
-9050 -10101 -7205 9699
-6311 9001 -8448 -4042
78 3740 -10139 1001
-6601 -5746 -9273 2949
-6298 4132 -8951 -6522
-1413 -2966 628 -7665
-7715 -1166 5905 -4407
-10298 1063 -5843 -9848
5941 -7377 2023 -1988
-4513 -10519 -9437 4635
5494 6625 4281 -8515
10607 10865 -9271 6069
-2855 -5841 3936 -7162
1068 7703 3165 -6497
1044 5324 -3613 -1080
10677 2717 -4674 1605
3806 6469 6400 9320
-10642 10353 7010 8023
-3851 5913 6828 230
-8694 -3394 6628 8617
4978 422 2737 -497
5732 -5015 -2936 -5159
-4944 -4285 -10752 4512
-4284 -4417 9492 -3455
2705 10582 -9009 4831
-858 3123 10785 9061
5019 7262 -1114 6552
5017 7385 -7192 -5547
-8704 -1066 -3254 7516
144 8999 5890 5782
-6496 7171 -6346 7109
9799 280 -8307 -7004
-7344 1443 -199 -5344
-3162 3769 -6495 436
9876 -9203 882 3452
1205 3832 10153 4750
-8529 4472 -7384 -3250
6525 3586 2410 10477
-10029 -10120 -304 8035
8165 10830 1220 2449
2368 -9328 2123 -9128
901 10267 6412 7599
-10078 -283 -9086 -3767
-1273 3098 -7512 -9994
-2597 2169 -2580 -2924
8776 -6221 -5306 -10319
-3161 10718 -5281 5450
8931 -5146 10487 6999
-1001 1150 -3414 2460
-769 10960 1267 -8062
5218 1125 -384 3241
-9909 -7115 -5927 4076
4206 -535 6114 3465
7169 1921 4304 -9341
6022 -7053 1579 10083
-6684 4803 -1138 1916
-10793 3375 -5108 7419
1221 410 4185 8130
7877 -4621 -9526 -7259
11043 9939 235 -3482
-2082 4188 -1657 -3801
-8480 -5973 -4040 -7502
-546 8602 -1055 8599
6137 4741 3256 9778
7189 6404 -2034 10119
-5108 -2651 -3336 -8909
6688 -7381 4699 -1802
2044 7581 -7592 -6127
6280 11022 709 2722
6178 9772 -5101 7729
4533 -4518 8224 5816
-522 520 -10837 419
1251 -3483 -3225 -1811
-7452 8114 4926 4499
4409 10296 -9417 -1435
8745 -4608 6816 -5949
-5046 4875 -3735 -2625
-2110 -9929 4497 3135
-8981 -7726 -2475 1661
7908 2468 3854 -2252
5128 -1901 10045 -10432
-6763 9647 -4848 4822
2818 8706 8882 -3204
-7226 1413 -6051 5548
-5741 -301 -3861 2185
2296 4121 831 -10425
-2986 5287 7455 10327
1788 -5228 -3306 248
-9649 -3234 3931 -3410
-2299 -4441 -4648 11055
-10518 -10542 -6796 -5916
-9752 -6684 2843 -1787
-10533 -4432 4076 10042
-5977 2824 -10461 -5243
-1848 3008 -2039 8054
-7845 11000 8840 6626
3527 -5523 -3295 2622
9172 -9833 1096 4028
-5665 9715 -8404 6272
5391 -4356 -7119 5499
-7376 5919 3183 8928
1686 -1382 -1407 3782
4090 10898 -9435 7614
3849 7306 -10372 -10744
-8728 -3685 -8367 -1696
-88 -9706 -2458 4701
-3541 6218 -11052 1109
-8332 -9211 -9199 -6199
-1324 -4647 8679 5044
-5414 -10699 5942 -2878
9706 9737 -9950 8479
1013 2494 6893 -9262
4137 3345 9869 10497
9430 -6101 4700 -2739
10480 -4261 -10943 5619
7934 -8912 -2411 -9082
5212 -3540 -1588 -3882
-8378 10858 -2267 -6707
2463 -9733 10445 -246
6625 -7585 3821 7188
-9349 -299 7732 3540
-3160 -10068 4661 1371
8578 -2829 -3269 5689
-8651 5451 230 6291
-7155 8532 -8238 9702
-10752 -3561 9240 555
4752 2771 -2234 8625
6038 316 7157 -8562
-4951 8661 -10132 3828
1128 2950 9653 6500
-9446 -1355 -10029 -4677
813 -6126 -6053 1261
9295 5629 -8655 -3231
10120 10514 -8993 -10476
2332 3812 3135 -166
-8001 -1780 -6022 -769
-8744 -981 -4180 -4183
1707 3444 -8181 -5588
5171 4232 -8060 -7150
5687 -4166 9166 -3053
-8144 4832 -9597 -9639
4275 -9084 4285 -7530
7561 -4454 6699 -2730
-2595 -10590 5738 -10384
-3119 -279 401 -8592
7191 10559 -6984 3280
4934 2212 3730 -3984
4167 471 9107 2746
-8021 7083 -5758 10570
-3293 8226 9970 10498
7196 -5882 -6378 5608
-9232 -6460 -4500 10420
-820 -380 4321 6961
-5737 -4690 -882 9308
6504 -10953 9494 -7302
7049 521 578 7540
5317 10999 -2546 5880
-9089 -8126 8164 -3636
-9004 9167 -2947 -9274
424 -7176 -7443 3613
6186 10664 4415 7939
-2859 -9700 -4175 -7528
-9263 -6505 -9593 -5742
-2224 9757 5076 2957
-195 -7056 10606 -7619
-10803 2687 -3211 8621
-1635 -8747 1705 4902
3111 9849 -3951 5322
-6153 -852 10364 -10597
1357 2048 508 -4872
-5218 3154 7515 2886
5882 4530 2761 1530
777 -5374 9445 2306
-10074 1034 9285 -4827
-5810 -649 3348 -71
-10290 8362 -949 -10753
5453 -5383 -3551 -735
753 -4251 8637 8928
-2618 7507 10874 6002
-5270 -7796 976 2574
6504 6568 -2110 -640
8014 7490 -3459 -3886
-9954 -8856 -4219 -10261
-4993 -8272 -10644 6803
-4357 -9690 -1684 -2224
-8256 8367 -1970 -3197
-9733 187 4813 -2157
6970 -3032 3451 -4361
-723 2414 -6614 -8809
2698 -3770 -1157 1899
3248 4716 -655 6595
8597 9315 7504 -239
2623 -5910 -10525 -5241
8379 5427 -8603 -1435
-7240 10617 -5447 7270
-9894 10790 -3475 9975
-8191 443 3054 971
9403 6479 8644 -9163
8661 1591 134 -3071
3307 6198 756 -2512
-10293 -4220 -10773 1292
10926 9147 -9853 -7405
-4414 -6464 8703 -3329
8021 -2337 -6735 -4922
10188 -10320 10077 8291
-5561 8530 7219 7660
5751 -7960 -29 -2797
2930 -1091 9298 -10333
-7969 3697 5749 10496
-5611 -7193 2694 7867
8297 1946 -2597 1248
780 5257 10669 2639
7195 -93 6909 9685
-9879 -9426 -1712 3067
10957 7843 -6326 10230
-6832 3737 -3398 -7178
-10081 -3741 -3626 -7798
1226 -4632 1037 11039
2901 -626 8374 10411
7517 -7380 -6430 8893
4457 3652 4499 -10582
-8194 6549 6197 -7363
-7308 -7386 4242 10931
-6954 -3080 7411 -10216
-6386 -5064 5151 -6365
-4611 6811 1365 -3962
-2578 10261 -4876 -411
2055 -5211 -8180 666
-11045 -3638 10412 7379
6329 -7267 -8150 5548
8908 10081 -3593 7153
-2547 -8196 -3148 -7243
-1049 3038 -2200 -8147
-335 6311 -301 -10985
-3600 8147 5511 6795
6532 10426 -7214 9303
9657 7459 -4272 -7862
-3448 4926 -10869 -451
1326 -5601 4857 -3402
-5528 10750 -1826 -8441
7110 5395 2727 7035
10132 -4286 645 -7723
-5751 -3618 -6289 -3993
1667 -10280 -4253 -1531
-8976 1174 8239 2535
-5122 -1364 -4961 9341
-8545 7265 5007 10957
10215 -2101 6954 -7880
2869 7176 -7767 -468
-9294 1940 -7260 4849
7952 -3985 9382 -1577
8575 -531 -2293 -5021
-5012 -10551 -10418 -4204
-3511 926 56 -3407
-1906 -85 -1959 -5998
6349 -1841 8874 -5154
7778 -932 -5726 -9043
8469 9544 -9142 -1014
-3871 5360 -4590 -10821
-10177 -6357 -5321 4177
3885 -4129 -4937 -4679
-9968 -10687 8769 6180
3477 97 1200 -3340
1942 -1235 9317 -76
3487 -430 8893 -6559
-10160 895 -1947 10811
-1450 -2970 -3895 4523
9137 -566 2644 1844
5709 1961 7276 9679
-8505 6801 3246 5895
5280 6032 -4162 -6615
-494 -2928 -5352 -4995
-6858 -8067 7702 -7520
10278 -5047 3888 -5305
2748 -1321 3043 -10156
-5844 1735 9173 -4462
1134 10925 -7364 6299
-8912 4600 7576 7853
240 7428 -429 -6736
9731 10807 -6560 5279
-3253 -7277 -8321 -9008
8442 -3124 -1264 7538
-1772 1041 6615 -8370
1787 4355 -8285 5638
-6886 -8140 5130 -3678
7792 -3827 7520 2556
-7929 -3029 -7459 -3058
915 -9259 -3283 -2048
-3155 8723 -4565 367
7922 -4863 -4551 5232
9523 -4000 8149 -8086
-2903 249 -9795 10925
-1199 2183 3170 6395
8542 -4468 9416 540
1730 -10447 3564 -8193
1559 -8415 -7735 -9869
-6157 10375 -10753 -1239
-359 -9296 -5549 -3333
-7685 -1897 -1325 -8460
-4726 1383 10323 -60
-7177 5135 -7495 2432
-5361 -9696 -10393 -9139
6333 7430 -8172 5142
6797 -2258 10075 -3935
-3101 -10421 -2944 -10828
6079 8511 -8657 3479
-10043 10365 -3536 1078
10130 -2798 687 -4274
7085 -8108 -7813 4253
9967 -9337 -5833 -6235
6003 6151 9153 -2033
9310 1739 -7168 9078
-6633 -4852 2378 949
-3380 -10704 -6491 5692
8731 -1452 -10489 1944
-4639 8711 7721 1258
-6327 -7704 -9547 10968
5618 -6510 -5069 -4320
-8959 560 10701 -6977
5393 -9799 -8762 -6616
218 10731 -3590 5587
-7226 8809 -10123 1890
3677 -8645 -3704 -8641
-6225 11010 -10995 -6133
-1831 -1492 -7755 -9482
3231 -7273 3969 -1764
8054 6243 5258 3610
2994 3297 7504 7557
7626 -6937 3878 -6236
8145 -10661 -9189 5726
4006 1672 -8246 -921
-4781 9752 1621 -7270
-6076 4448 -1890 5838
5689 9126 9146 -8981
1662 3593 5219 4255
7398 -6405 -4171 1663
6343 3963 -2282 -10443
10640 3427 5273 501
-9333 4496 -5051 8998
3319 -2143 3188 8542
-6773 9214 -7844 -9763
5556 9976 8191 -9759
-6138 -3843 2508 2349
-10285 -8889 1724 10308
853 7118 6134 10502
-1716 1343 395 347
3886 923 -5221 6405
-9975 -2945 9840 9938
-6852 -5687 -3881 -9065
6659 10675 -5861 -6751
8777 -9629 -3317 8619
9819 9553 -7458 9467
-66 523 5610 10648
-8800 10189 -9195 -5055
-3568 7057 962 -2445
3559 -1571 -6038 653
5451 8678 4713 1141
7470 1960 8293 9912
-5857 5187 4302 -5174
7492 -6188 3679 7905
6055 -2724 5395 -861
-6245 8315 -2685 7261
-159 2159 5222 10249
325 -7661 -10473 10244
5062 -4374 -10043 5300
-5103 2383 9557 10221
553 100 -3491 2798
237 -3016 4972 -9962
-3582 -3857 5320 -693
-8326 1233 -5692 -7514
10685 3486 -6758 10591